%YAML:1.0
---
calibration_time: "Mi 06 Jul 2022 13:09:58 CEST"
image_width: 640
image_height: 480
flags: 0
camera_matrix: !!opencv-matrix
   rows: 3
   cols: 3
   dt: d
   data: [ 4.9650601017248454e+02, 0., 3.1217886794504733e+02, 0.,
       4.9678498089444867e+02, 2.5089544695238374e+02, 0., 0., 1. ]
distortion_coefficients: !!opencv-matrix
   rows: 1
   cols: 5
   dt: d
   data: [ 1.4646570052738295e-01, -3.2859270046436123e-01,
       4.3082077140218760e-03, -2.1830625781748508e-03,
       1.4916679340618691e-01 ]
avg_reprojection_error: 3.3558626073080533e-01
